3
3 2 1
2 1 3
1 3 2
3 2 1
1 3 2
2 1 3
3
1 2 3
2 3 1
3 1 2
3 2 1
2 1 3
1 3 2
10
10 9 8 7 6 5 4 3 2 1
9 8 7 6 5 4 3 2 1 10
8 7 6 5 4 3 2 1 10 9
7 6 5 4 3 2 1 10 9 8
6 5 4 3 2 1 10 9 8 7
5 4 3 2 1 10 9 8 7 6
4 3 2 1 10 9 8 7 6 5
3 2 1 10 9 8 7 6 5 4
2 1 10 9 8 7 6 5 4 3
1 10 9 8 7 6 5 4 3 2
1 2 3 4 5 6 7 8 9 10
10 1 2 3 4 5 6 7 8 9
9 10 1 2 3 4 5 6 7 8
8 9 10 1 2 3 4 5 6 7
7 8 9 10 1 2 3 4 5 6
6 7 8 9 10 1 2 3 4 5
5 6 7 8 9 10 1 2 3 4
4 5 6 7 8 9 10 1 2 3
3 4 5 6 7 8 9 10 1 2
2 3 4 5 6 7 8 9 10 1
1
1
1
15
1 2 3 4 5 6 7 8 9 10 11 12 13 14 15
3 4 5 6 7 8 9 10 11 12 13 14 15 1 2
4 5 6 7 8 9 10 11 12 13 14 15 1 2 3
5 6 7 8 9 10 11 12 13 14 15 1 2 3 4
6 7 8 9 10 11 12 13 14 15 1 2 3 4 5
7 8 9 10 11 12 13 14 15 1 2 3 4 5 6
8 9 10 11 12 13 14 15 1 2 3 4 5 6 7
9 10 11 12 13 14 15 1 2 3 4 5 6 7 8
10 11 12 13 14 15 1 2 3 4 5 6 7 8 9
11 12 13 14 15 1 2 3 4 5 6 7 8 9 10
12 13 14 15 1 2 3 4 5 6 7 8 9 10 11
13 14 15 1 2 3 4 5 6 7 8 9 10 11 12
14 15 1 2 3 4 5 6 7 8 9 10 11 12 13
15 1 2 3 4 5 6 7 8 9 10 11 12 13 14
2 3 4 5 6 7 8 9 10 11 12 13 14 15 1
15 14 13 12 11 10 9 8 7 6 5 4 3 2 1
6 5 4 3 2 1 15 14 13 12 11 10 9 8 7
5 4 3 2 1 15 14 13 12 11 10 9 8 7 6
4 3 2 1 15 14 13 12 11 10 9 8 7 6 5
3 2 1 15 14 13 12 11 10 9 8 7 6 5 4
2 1 15 14 13 12 11 10 9 8 7 6 5 4 3
1 15 14 13 12 11 10 9 8 7 6 5 4 3 2
7 6 5 4 3 2 1 15 14 13 12 11 10 9 8
8 7 6 5 4 3 2 1 15 14 13 12 11 10 9
9 8 7 6 5 4 3 2 1 15 14 13 12 11 10
10 9 8 7 6 5 4 3 2 1 15 14 13 12 11
11 10 9 8 7 6 5 4 3 2 1 15 14 13 12
12 11 10 9 8 7 6 5 4 3 2 1 15 14 13
13 12 11 10 9 8 7 6 5 4 3 2 1 15 14
14 13 12 11 10 9 8 7 6 5 4 3 2 1 15
2
1 2
2 1
2 1
1 2
4
1 2 4 3
2 1 3 4
4 3 2 1
3 4 1 2
2 3 4 1
1 4 3 2
3 2 1 4
4 1 2 3